[gd_scene load_steps=2 format=3 uid="uid://6wtvn86bkgxp"]

[ext_resource type="ArrayMesh" uid="uid://ctj7vnck48r7m" path="res://Scenes/Characters/police_dude.mesh" id="1_cpdg5"]

[node name="police_dude" type="Node3D"]

[node name="Armature" type="Node3D" parent="."]
transform = Transform3D(0.290208, 0, 0, 0, 0.290208, 0, 0, 0, 0.290208, 0, 0, 0)

[node name="Skeleton3D" type="Skeleton3D" parent="Armature"]
bones/0/name = "Root"
bones/0/parent = -1
bones/0/rest = Transform3D(1, 0, 0, 0, 1, 0, 0, 0, 1, 0, 0, 0)
bones/0/enabled = true
bones/0/position = Vector3(0, 0, 0)
bones/0/rotation = Quaternion(0, 0, 0, 1)
bones/0/scale = Vector3(1, 1, 1)
bones/1/name = "Axes"
bones/1/parent = 0
bones/1/rest = Transform3D(1, 0, 0, 0, 1, 0, 0, 0, 1, 0, 1.90763, 0)
bones/1/enabled = true
bones/1/position = Vector3(0, 1.90763, 0)
bones/1/rotation = Quaternion(0, 0, 0, 1)
bones/1/scale = Vector3(1, 1, 1)
bones/2/name = "Hip"
bones/2/parent = 1
bones/2/rest = Transform3D(1, 2.10082e-17, -2.08502e-17, -2.08502e-17, 0.999972, 0.00755137, 2.10082e-17, -0.00755137, 0.999972, 0, 3.24416, 0)
bones/2/enabled = true
bones/2/position = Vector3(0, 3.24416, 0)
bones/2/rotation = Quaternion(-0.00377571, -1.04647e-17, -1.04647e-17, 0.999993)
bones/2/scale = Vector3(1, 1, 1)
bones/3/name = "Spine"
bones/3/parent = 2
bones/3/rest = Transform3D(1, 2.66454e-15, -2.38419e-07, 2.44344e-08, 0.994735, 0.102485, 2.37163e-07, -0.102485, 0.994735, 1.37977e-14, 1.47181, -2.41426e-08)
bones/3/enabled = true
bones/3/position = Vector3(1.37977e-14, 1.47181, -2.41426e-08)
bones/3/rotation = Quaternion(-0.0513103, -1.19052e-07, 6.11666e-09, 0.998683)
bones/3/scale = Vector3(1, 1, 1)
bones/4/name = "Chest"
bones/4/parent = 3
bones/4/rest = Transform3D(1, 2.82159e-08, -1.67552e-09, -2.82159e-08, 0.992972, -0.118346, -1.67549e-09, 0.118346, 0.992972, -2.06685e-14, 0.809455, -4.61276e-08)
bones/4/enabled = true
bones/4/position = Vector3(-2.06685e-14, 0.809455, -4.61276e-08)
bones/4/rotation = Quaternion(0.0592773, -7.09014e-15, -1.41328e-08, 0.998242)
bones/4/scale = Vector3(1, 1, 1)
bones/5/name = "Neck"
bones/5/parent = 4
bones/5/rest = Transform3D(1, 3.45667e-08, 2.359e-07, 5.32907e-15, 0.989434, -0.144983, -2.38419e-07, 0.144983, 0.989434, -2.45191e-14, 2.14228, -1.1795e-07)
bones/5/enabled = true
bones/5/position = Vector3(-2.45191e-14, 2.14228, -1.1795e-07)
bones/5/rotation = Quaternion(0.0726838, 1.18894e-07, -8.66459e-09, 0.997355)
bones/5/scale = Vector3(1, 1, 1)
bones/6/name = "Head"
bones/6/parent = 5
bones/6/rest = Transform3D(1, 2.92147e-15, -2.82433e-14, 2.13289e-17, 0.994615, 0.103637, 2.8394e-14, -0.103637, 0.994615, -3.45906e-22, 0.535822, -5.64789e-09)
bones/6/enabled = true
bones/6/position = Vector3(-3.45906e-22, 0.535822, -5.64789e-09)
bones/6/rotation = Quaternion(-0.0518886, -1.41784e-14, -7.26013e-16, 0.998653)
bones/6/scale = Vector3(1, 1, 1)
bones/7/name = "UpperArm.L"
bones/7/parent = 4
bones/7/rest = Transform3D(0.790457, 0.474773, 0.387001, 0.418512, -0.879969, 0.224727, 0.447243, -0.0156725, -0.894275, 0.933704, 1.29843, 0.0823933)
bones/7/enabled = true
bones/7/position = Vector3(0.933704, 1.29843, 0.0823933)
bones/7/rotation = Quaternion(-0.944021, -0.236564, -0.220928, 0.0636637)
bones/7/scale = Vector3(1, 1, 1)
bones/8/name = "LowerArm.L"
bones/8/parent = 7
bones/8/rest = Transform3D(0.971674, -0.161486, -0.172547, 0.18337, 0.975765, 0.119406, 0.149083, -0.147663, 0.977737, -7.73398e-08, 1.5272, -6.46569e-08)
bones/8/enabled = true
bones/8/position = Vector3(-7.73398e-08, 1.5272, -6.46569e-08)
bones/8/rotation = Quaternion(-0.0674005, -0.0811701, 0.0870319, 0.990603)
bones/8/scale = Vector3(1, 1, 1)
bones/9/name = "Hand.L"
bones/9/parent = 8
bones/9/rest = Transform3D(0.971158, -0.167914, -0.169286, 0.160346, 0.985383, -0.0575273, 0.176472, 0.0287237, 0.983887, -3.56365e-07, 1.76477, -5.20453e-08)
bones/9/enabled = true
bones/9/position = Vector3(-3.56365e-07, 1.76477, -5.20453e-08)
bones/9/rotation = Quaternion(0.0217251, -0.0870904, 0.0826831, 0.992525)
bones/9/scale = Vector3(1, 1, 1)
bones/10/name = "Finger01.L"
bones/10/parent = 9
bones/10/rest = Transform3D(0.999954, 0.00938402, -0.00179727, -0.00918768, 0.996017, 0.0886845, 0.00262233, -0.088664, 0.996058, -1.97564e-07, 0.435236, -5.06602e-08)
bones/10/enabled = true
bones/10/position = Vector3(-1.97564e-07, 0.435236, -5.06602e-08)
bones/10/rotation = Quaternion(-0.0443814, -0.001106, -0.00464756, 0.999003)
bones/10/scale = Vector3(1, 1, 1)
bones/11/name = "Finger02.L"
bones/11/parent = 10
bones/11/rest = Transform3D(0.968203, -0.18913, -0.163746, 0.170808, 0.978012, -0.119658, 0.182776, 0.0878841, 0.979219, -1.66277e-07, 0.445123, 1.24481e-07)
bones/11/enabled = true
bones/11/position = Vector3(-1.66277e-07, 0.445123, 1.24481e-07)
bones/11/rotation = Quaternion(0.052376, -0.0874495, 0.0908351, 0.990635)
bones/11/scale = Vector3(1, 1, 1)
bones/12/name = "Thumb01.L"
bones/12/parent = 9
bones/12/rest = Transform3D(0.974683, -0.0382544, -0.220293, 0.173094, 0.752759, 0.635131, 0.141531, -0.657183, 0.740324, -0.0200083, 0.172953, -0.229512)
bones/12/enabled = true
bones/12/position = Vector3(-0.0200083, 0.172953, -0.229512)
bones/12/rotation = Quaternion(-0.346987, -0.09715, 0.056747, 0.931097)
bones/12/scale = Vector3(1, 1, 1)
bones/13/name = "Thumb02.L"
bones/13/parent = 12
bones/13/rest = Transform3D(0.999506, 0.0285247, 0.0131786, -0.0178047, 0.859715, -0.510464, -0.0258907, 0.509978, 0.859798, -3.07782e-07, 0.365144, -2.74256e-07)
bones/13/enabled = true
bones/13/position = Vector3(-3.07782e-07, 0.365144, -2.74256e-07)
bones/13/rotation = Quaternion(0.264572, 0.0101296, -0.0120119, 0.964238)
bones/13/scale = Vector3(1, 1, 1)
bones/14/name = "UpperArm.R"
bones/14/parent = 4
bones/14/rest = Transform3D(0.790457, -0.474772, -0.387001, -0.418512, -0.879969, 0.224727, -0.447243, -0.0156723, -0.894275, -0.933704, 1.29843, 0.0823935)
bones/14/enabled = true
bones/14/position = Vector3(-0.933704, 1.29843, 0.0823935)
bones/14/rotation = Quaternion(-0.944021, 0.236564, 0.220928, 0.0636637)
bones/14/scale = Vector3(1, 1, 1)
bones/15/name = "LowerArm.R"
bones/15/parent = 14
bones/15/rest = Transform3D(0.971674, 0.161486, 0.172547, -0.18337, 0.975765, 0.119406, -0.149083, -0.147663, 0.977737, 1.64804e-07, 1.5272, -3.82378e-07)
bones/15/enabled = true
bones/15/position = Vector3(1.64804e-07, 1.5272, -3.82378e-07)
bones/15/rotation = Quaternion(-0.0674005, 0.0811701, -0.0870319, 0.990603)
bones/15/scale = Vector3(1, 1, 1)
bones/16/name = "Hand.R"
bones/16/parent = 15
bones/16/rest = Transform3D(0.971157, 0.167914, 0.169286, -0.160346, 0.985383, -0.0575273, -0.176472, 0.0287237, 0.983886, 3.00926e-07, 1.76477, -6.07006e-08)
bones/16/enabled = true
bones/16/position = Vector3(3.00926e-07, 1.76477, -6.07006e-08)
bones/16/rotation = Quaternion(0.0217251, 0.0870904, -0.0826831, 0.992525)
bones/16/scale = Vector3(1, 1, 1)
bones/17/name = "Finger01.R"
bones/17/parent = 16
bones/17/rest = Transform3D(0.999954, -0.00938406, 0.00179723, 0.00918772, 0.996017, 0.0886845, -0.0026223, -0.088664, 0.996058, 3.73651e-07, 0.435237, 3.98286e-08)
bones/17/enabled = true
bones/17/position = Vector3(3.73651e-07, 0.435237, 3.98286e-08)
bones/17/rotation = Quaternion(-0.0443814, 0.00110599, 0.00464758, 0.999003)
bones/17/scale = Vector3(1, 1, 1)
bones/18/name = "Finger02.R"
bones/18/parent = 17
bones/18/rest = Transform3D(0.968203, 0.189129, 0.163746, -0.170809, 0.978011, -0.119658, -0.182776, 0.0878842, 0.979219, 2.72923e-07, 0.445123, 8.03972e-08)
bones/18/enabled = true
bones/18/position = Vector3(2.72923e-07, 0.445123, 8.03972e-08)
bones/18/rotation = Quaternion(0.052376, 0.0874494, -0.0908351, 0.990635)
bones/18/scale = Vector3(1, 1, 1)
bones/19/name = "Thumb01.R"
bones/19/parent = 16
bones/19/rest = Transform3D(0.974683, 0.0382543, 0.220293, -0.173094, 0.752759, 0.635131, -0.141531, -0.657183, 0.740324, 0.0200082, 0.172953, -0.229511)
bones/19/enabled = true
bones/19/position = Vector3(0.0200082, 0.172953, -0.229511)
bones/19/rotation = Quaternion(-0.346987, 0.09715, -0.056747, 0.931097)
bones/19/scale = Vector3(1, 1, 1)
bones/20/name = "Thumb02.R"
bones/20/parent = 19
bones/20/rest = Transform3D(0.999506, -0.0285247, -0.0131786, 0.0178046, 0.859715, -0.510464, 0.0258906, 0.509978, 0.859798, 2.04697e-07, 0.365144, -1.27057e-07)
bones/20/enabled = true
bones/20/position = Vector3(2.04697e-07, 0.365144, -1.27057e-07)
bones/20/rotation = Quaternion(0.264572, -0.0101296, 0.0120119, 0.964238)
bones/20/scale = Vector3(1, 1, 1)
bones/21/name = "UpperLeg.L"
bones/21/parent = 2
bones/21/rest = Transform3D(0.999824, 0.002418, -0.0185763, 0.000841892, -0.996433, -0.084365, -0.0187167, 0.0843463, -0.996122, 0.595296, 0.152469, -0.0464169)
bones/21/enabled = true
bones/21/position = Vector3(0.595296, 0.152469, -0.0464169)
bones/21/rotation = Quaternion(0.999064, 0.000815735, -0.00933262, 0.0422203)
bones/21/scale = Vector3(1, 1, 0.99986)
bones/22/name = "LowerLeg.L"
bones/22/parent = 21
bones/22/rest = Transform3D(0.998749, -0.0134792, -0.0481582, 0.00443182, 0.983056, -0.183242, 0.0498122, 0.182799, 0.981889, 1.08902e-07, 2.15204, 3.72067e-08)
bones/22/enabled = true
bones/22/position = Vector3(1.08902e-07, 2.15204, 3.72067e-08)
bones/22/rotation = Quaternion(0.0919283, -0.0246045, 0.00449822, 0.995451)
bones/22/scale = Vector3(1, 0.999998, 1)
bones/23/name = "Foot.L"
bones/23/parent = 22
bones/23/rest = Transform3D(0.999629, -0.0161338, 0.021941, -0.0108815, 0.501929, 0.86484, -0.0249659, -0.864758, 0.501567, -2.73651e-08, 2.44799, 3.26553e-08)
bones/23/enabled = true
bones/23/position = Vector3(-2.73651e-08, 2.44799, 3.26553e-08)
bones/23/rotation = Quaternion(-0.499032, 0.0135338, 0.00151541, 0.866476)
bones/23/scale = Vector3(1, 1, 1)
bones/24/name = "Toes.L"
bones/24/parent = 23
bones/24/rest = Transform3D(1, 5.84152e-07, -1.12336e-06, -1.9474e-09, 0.887923, 0.459991, 1.26616e-06, -0.459991, 0.887923, -2.00987e-08, 1.02668, 6.27579e-08)
bones/24/enabled = true
bones/24/position = Vector3(-2.00987e-08, 1.02668, 6.27579e-08)
bones/24/rotation = Quaternion(-0.236724, -6.14856e-07, -1.50811e-07, 0.971577)
bones/24/scale = Vector3(1, 1, 1)
bones/25/name = "UpperLeg.R"
bones/25/parent = 2
bones/25/rest = Transform3D(0.999824, -0.002418, 0.0185763, -0.000841893, -0.996433, -0.084365, 0.0187167, 0.0843463, -0.996122, -0.595296, 0.152469, -0.0464169)
bones/25/enabled = true
bones/25/position = Vector3(-0.595296, 0.152469, -0.0464169)
bones/25/rotation = Quaternion(0.999064, -0.000815736, 0.00933264, 0.0422203)
bones/25/scale = Vector3(1, 1, 0.99986)
bones/26/name = "LowerLeg.R"
bones/26/parent = 25
bones/26/rest = Transform3D(0.998749, 0.0134792, 0.0481582, -0.00443182, 0.983056, -0.183242, -0.0498122, 0.182799, 0.981889, -1.08902e-07, 2.15204, 3.72067e-08)
bones/26/enabled = true
bones/26/position = Vector3(-1.08902e-07, 2.15204, 3.72067e-08)
bones/26/rotation = Quaternion(0.0919283, 0.0246045, -0.00449822, 0.995451)
bones/26/scale = Vector3(1, 0.999998, 1)
bones/27/name = "Foot.R"
bones/27/parent = 26
bones/27/rest = Transform3D(0.999629, 0.0161338, -0.021941, 0.0108815, 0.501929, 0.86484, 0.024966, -0.864758, 0.501567, 2.73651e-08, 2.44799, 3.26553e-08)
bones/27/enabled = true
bones/27/position = Vector3(2.73651e-08, 2.44799, 3.26553e-08)
bones/27/rotation = Quaternion(-0.499032, -0.0135338, -0.00151542, 0.866476)
bones/27/scale = Vector3(1, 1, 1)
bones/28/name = "Toes.R"
bones/28/parent = 27
bones/28/rest = Transform3D(1, -5.78566e-07, 1.1236e-06, -3.12508e-09, 0.887923, 0.459991, -1.26381e-06, -0.459991, 0.887923, 2.00988e-08, 1.02668, 1.16649e-07)
bones/28/enabled = true
bones/28/position = Vector3(2.00988e-08, 1.02668, 1.16649e-07)
bones/28/rotation = Quaternion(-0.236724, 6.14314e-07, 1.48069e-07, 0.971577)
bones/28/scale = Vector3(1, 1, 1)
bones/29/name = "IKFoot.L"
bones/29/parent = 1
bones/29/rest = Transform3D(1, 0, 0, 0, 0, 1, 0, -1, 0, 0.565016, -1.18414, -0.0736466)
bones/29/enabled = true
bones/29/position = Vector3(0.565016, -1.18414, -0.0736466)
bones/29/rotation = Quaternion(-0.707107, 0, 0, 0.707107)
bones/29/scale = Vector3(1, 1, 1)
bones/30/name = "KneePole.L"
bones/30/parent = 1
bones/30/rest = Transform3D(-1, 0, 8.74228e-08, 8.74228e-08, 0, 1, 0, 1, 0, 0.640716, 1.29265, 3.22588)
bones/30/enabled = true
bones/30/position = Vector3(0.640716, 1.29265, 3.22588)
bones/30/rotation = Quaternion(3.09086e-08, 0.707107, 0.707107, 3.09086e-08)
bones/30/scale = Vector3(1, 1, 1)
bones/31/name = "ToeController.L"
bones/31/parent = 1
bones/31/rest = Transform3D(-1, -1.65352e-07, -1.43566e-08, -1.43566e-08, 0, 1, -1.65352e-07, 1, 0, 0.60036, -1.90733, -0.465751)
bones/31/enabled = true
bones/31/position = Vector3(0.60036, -1.90733, -0.465751)
bones/31/rotation = Quaternion(-6.35367e-08, 0.707107, 0.707107, 5.33851e-08)
bones/31/scale = Vector3(1, 1, 1)
bones/32/name = "IKFoot.R"
bones/32/parent = 1
bones/32/rest = Transform3D(1, 0, 0, 0, 0, 1, 0, -1, 0, -0.565016, -1.18414, -0.0736466)
bones/32/enabled = true
bones/32/position = Vector3(-0.565016, -1.18414, -0.0736466)
bones/32/rotation = Quaternion(-0.707107, 0, 0, 0.707107)
bones/32/scale = Vector3(1, 1, 1)
bones/33/name = "KneePole.R"
bones/33/parent = 1
bones/33/rest = Transform3D(-1, 0, 8.74228e-08, 8.74228e-08, 0, 1, 0, 1, 0, -0.640716, 1.29265, 3.22588)
bones/33/enabled = true
bones/33/position = Vector3(-0.640716, 1.29265, 3.22588)
bones/33/rotation = Quaternion(3.09086e-08, 0.707107, 0.707107, 3.09086e-08)
bones/33/scale = Vector3(1, 1, 1)
bones/34/name = "ToeController.R"
bones/34/parent = 1
bones/34/rest = Transform3D(-1, 1.65352e-07, 1.43566e-08, 1.43566e-08, 0, 1, 1.65352e-07, 1, 0, -0.60036, -1.90733, -0.465751)
bones/34/enabled = true
bones/34/position = Vector3(-0.60036, -1.90733, -0.465751)
bones/34/rotation = Quaternion(-6.35367e-08, -0.707107, -0.707107, 5.33851e-08)
bones/34/scale = Vector3(1, 1, 1)

[node name="MeshInstance3D" type="MeshInstance3D" parent="Armature/Skeleton3D"]
transform = Transform3D(3.4458, 0, 0, 0, 3.4458, 0, 0, 0, 3.4458, 0, 0, 0)
mesh = ExtResource("1_cpdg5")
skeleton = NodePath("../../..")
